100
100

0000000000000000000000000000000000000000000000000000000000000000000000000000000000000000000000000000
0000000000000000000000000000000000000000000000000000000000000000000000000000000000000000000000000000
0000000000000000000000000010000000000000000000000000000000000000000000000000000000000000000000000000
0000000000000000000000000101000000000000000000000000000000000000000000000000000000000000000000000011
0000000000000000000000000101000000000000000000000000000000000000000000000000000000000000000000000011
0100000000000000000000000010000000000000000000000000000000000000001000000000000000000000000000000000
1010000000000000000000000000000000000000000000000000110000000000010100000000000000000000000000000000
1010000000000000000000000000000000000000000000000000110000000000010100000000000000000000000000000000
1100000000000000000000000000000000000000000000000000000000000000001000000000000000000000000000000000
0000000000000000000000000000000000000000000000000000000000000000000000000000000000000000000000000000
0000000000000000000000000000000000000000000000000000000000000000000000000000000000000000000000000000
0000000000000000000000000000000000000000000000000000000000000000000000000000000000000000000000000000
0000000000000000000000000000000000000000000000000000000000000000000000000000000000000000000000000000
0000000000000000000000000000000000000000000000000000000000000000000000000011000000000000000000000000
0000000000000000000000000000000000000000000000000000000000000000000000000011000000000000000000000000
0000000000000000000000000000000000000000000000000000000000000000000000000000000000000000000000000000
0000000000000000000000000000000000000000000000000000000000000011000000000000000000000000000000000000
0000000000000000000000000000000000000000000000000000000000000100100000000000000000000000000000000000
0000000000000000000000000000000000000000000000000000000000000011000000000000000000000000000000000000
0000000000000000000000000000000000000000000000000000000000000000000000000000000000000000000000000000
0000000000000000000000000000000000000000000000000000000000000000000001100000000000000000000000000000
0000000000000000000000000000000000000000000000000000000000000000110001100000000000000000000000000000
0000000000000000000000000000000000000000000000000000000000000001001000000000000000000000000000000000
0000000000000000000000000000000000000000000000000000000000000000110000000000000000000000000000000000
0000000000000000000000000000000000000000000000000000000000000000000000000000000000000000000000000000
0000000000000000000000000000000000000000000000000000000000000000000000000000000000000000000000000000
0000000000000000000000000000000000000000000000000000000000000000000000000000000000000000000000000000
0000000000000000000000000000000000000000000000000000000000000000000000000000000000000000000001100000
0000000000000000000000100000000000000000000000000000000000000000000000000000000000000000000001100000
0000000000000000000001010000001100000000000000000000000000000000000000000000000000000000000000000000
0000000000000000000001010000010100000110000000000000000000000000000000000000000000000000000000000000
0000000000000000000000100000001000000110001100000000000000000000000000000000000000000000000000000000
0000000000000000000000000110000000000000010010000000000000000000000000000000000000000000000000000000
0000000110000000000000000101000000000000001100000000000000000000000000000000000000000000000000000000
0000000110000000000000000011000000000000000000000000000000000000000001100000000000000000000000000000
0000000000000000000000000000000000000000000000000000000000000000000010010000000000000000000000000000
0000000110000000000000000000000000000000000000000000000000000011000001100000000000000000000000000000
0000000110000000000000000000000000000000000000000000000000000010100000000000000000000000000011000000
0000000000000000000110000000000000000000000000110000000000000001000000000001100000000000000100100000
0000000000000000000110000000000010000000000000110000011000000000000000000001100000000000000011000000
0000000000000000000000000000000101000000000000000000011000000000000000000000000000000000000000000000
0000000000000000000000000000000110000000000000000000000000000000000000000000000000000000000000000000
0000000000000000000000000000000000000000000000000000000000000000000000000000000000000000000000000000
0000000000000000000000000000000000000000000000000000000000000000000000000000000000000000000000000000
1100000000000000000000000000000000000000000000000000000000000000000000000000000000000000000000000000
1100000000000000110000000000000000000000000000000000000000000000000000000000000000000000000000000000
0000000000000000110000000000000000000000000000000000000000000000000000000000000000000000000000000000
0000000000000000000000000000000000000000000000001100000000000011000000000000000000000000000000000000
0000000000000000000000000000000000000000000000010010000000000011000000000000000000000000000000000000
0000000000000000000000000000000000000000000000001100000000000000000000000000000000000000000000000000
0000000000000000000000000000000000000000000000000000000000000000000000000000000000000000000000000000
0000000000000000000000000000000000000000000000000000000000000000000000000000000000000000000011000000
0000000000000000000000000000000000000000000000000000000000000000000000000000000000000000000011000000
0000000000000000000000000000000000000000000000000000000000000000000000000000000000000001100000000000
0000000000000000001100000000000000000000000000000000000000000000000000000000000000000001100000000000
0000000000000000001100000000000000000000000000000000000000000000000000000000000000000000000000000000
0000000000000000000000000000000000000000000000000000000000000000000000000000000000000000000000000000
0000000000000000000000000000000001000000000000000000000000000000000000000000000000000000000000000000
0000000000000000000000000000000010100000000000000000000000000000000000000000000110000000000000000000
0000000000000000000000000000000010100000000000000000000000000000000000000000001001000000000000000000
0000000000000000000000000000000001000000000000000000000000000000000000000000001010000000000000000000
0000000000000000000000000000000000000000000000000000000000000000000000000000000100000000000000000000
0000000000000000000000000000000000000000000000000000000000000000000000000000000000000000000000000000
0000000000000001100000000000000000000000000000000000000000000000000000000000000000000000000000000000
0010000000000010010000000000000000000000000000000000000000000000000000000000000000000010000000000000
0101000000000001100000000000000000000000000000000000000000000000000000000000000000000101000000001100
0011000000000000000000000100000000000000000000000000000000000000000000000000000000000101001100001100
0000110000000000000000001010000000000000011000000000000000000000000000000000000000000010001100000000
0000101000000000000000001100000000000000011000000000000000000000000000000000000000000000000000000000
0000010000000000000000000000000000000000000000000000000000000000000000000000000000000000000000000000
1100000000000000000000000000000000000000000000000000000000000000000000000000000000000000000000000000
1100000100000000000000000000000000000000000000000000000000000000000000000000000000000000000000000000
0000001010000000000000000000000000000000000000000000000000000000000000000000000000000000000000000000
0000001010000000000000000000000000000000000000000000000000000000000000000000000000000000000000000000
0000000100000000000000000000000000000000000000000000000000000000000000000000000000000000000000000000
0000000000000000000000000000000000000000000000000000000000000000000000000000000000000000000000000000
0000000000000000000000000000000000000000000000000000000000000000000000000000000000000000000000000000
0000000000000000000000000000100000000000000000000000000000000000000000000000000000000000000000000000
0000000000000000000000000001010000000000000000000000000000000000000000000000000000000000000000000000
0000000000000000000000000000100001100000000000000000000000000100000000000000000000000000000000000000
0000000000000000000000000000000001100000000000000000000000001010000000000000000000000000000000000000
0000000000000000000000000000000000000000000000000000000000010010000000000000000000000000000000000000
0001000000000000000000000000000000000000000000000000000000001100000000000000000000000000000000000000
0010100000000000000000000000011000000000000000000000000000000000000000000000000000000000000110000000
0010100000000000000000000000011000000000000000000000000000000000000000000000000000000000000110000000
0001000000000000000000000000000000000000000000000000000000000000000000000000000000000000000000000000
0000000000000000000000000000000000000000000000000000000000000000110000000000000000000000000000000000
0000000000000000000000000000000000000000000000000000000000000000110000000000000000000000000000000000
0000000000000000000000010000000000000000000000000000000000000000000000000000000000000000000000000000
0000000000000000000000101000000000000000000000000000000000000000000000000000000000000000000000000000
0000000000000000000000101000000000000000000000000000000000000000000000000000000000000000000000000000
0000000000000000000000010000000000000000000000000000000000000000000000000000000000000000000000000000
0000000000000000000000000000000000000000000000000000000000000000000000000000000000000000000000000000
0000000000000000000000000001100000000000000000000000000000000000000000000000000000000000000000000000
0000000000000000000000000010010000000000000000000000000000000000000000000000000000000000000000000000
0000000000000000000000000001100000000000000000110000000000000000000000000000000000000000000000000000
0000000000000000000000000000000000000000000001001000011000000000000000000000000000000000000000000000
0000000000000000000000000000000000000000000001010000011000000000000000000000000000000000000000000000
0000000000000000000000000000000000000000000000100000000000000001100000000000000000000000000000000000
0000000000000000000000000000000000000000000000000000000000000001100000000000000000000000000000000000
