50
50

11001000001111111010100100100110101011101101101110
10011111100100000000010100011011000000100101100011
11100010101100011110001011101000100011111111111010
00001001010101011100100001010010110000110101110110
10110110010001101111110100000001101100000101011001
00010000111000100111100110001110111101010011001011
01001101101001111011110111100100100101011111000110
10001000111010010110001101000011010110000001101101
10100100110111101011101111000000101000111001100010
11000010011000100100010101100100111011101000101111
00000011111000010101010011100110101011100010101010
00110001011111001010111111100110000011011111101010
01111110001100111010010100101111001100010101100010
01110010110110100011010111100110111110101111100101
00101000110111010110001110000111100100101110001011
10101000110001011111011101101111110000100000110001
01101011001110010011111001001100000011010011100100
00000111011110000011000010101000111000000110101101
10010001110101111100110100101001111111001011110100
00100001111100101001101011000011011111010100110001
10101100000110001010110101101100001110000100010001
00101010001011010010000100001110010000010000110101
01010011010001011010000001011111100010101011010110
10101000111110110000110100000010011111111100110010
10111100010000010001100001000101111100101001000101
01100010100010100011101010100001000100111010010101
01101101010111100101001111110000101100010111111100
00010010101000000101110110000110101111001000001001
01100001000010100111111000110110001100100111100101
00011101100101111101000001011100001011010001110011
00010100010100001001001011011100001010111100110110
01100111001000111001100111110001100110011111000011
10110111001001000111111011000110001000110111011001
01111001001001011010100001111101111001111011011001
10110010110100001001001010101100000100110100111100
11100101010101111010001001001111101111101110011101
00011000110101001111110110010011101000101010001000
00010001101001101010101100101010000010001111101111
11011110110000110010110100101000111011101001101011
10011111101101100001001100111011111111011001111010
00011000100110010110001110010111100010001101000101
10011110101011110101100011001001110001110111111101
11001111100001101110110101101110000100100110101000
01111110110111010100010110110110110101011110100011
11010101100101001010000110100100011111010011100101
01001000101101011110010111001000010101000010011110
00000110011001111011100110000110100110110111001011
00111101010111101110111001111111010001010010000110
11010000011100011101011010111101001010111111010111
10101101001010010101001101010010111000101100000110
